100 100
33 66 75 58 3 69 12 23 82 40 6 3 93 9 49 76 79 82 17 35 19 84 75 83 77 70 22 18 24 69 50 22 5 95 41 87 36 34 81 14 81 96 15 91 1 5 40 91 69 70 91 64 21 73 18 64 50 68 41 99 61 85 60 82 15 56 11 28 38 78 94 92 35 93 61 55 64 15 62 3 39 71 12 27 62 17 85 15 41 64 88 60 87 12 35 100 77 58 92 71 
27 20 33 15 20 9 93 81 84 70 5 41 47 14 90 30 59 57 96 78 14 35 39 82 81 72 88 43 52 9 83 79 40 6 57 4 99 71 93 42 45 94 21 15 59 58 27 95 60 88 68 49 49 37 41 77 52 86 44 33 94 62 87 39 43 67 37 17 37 5 67 82 22 98 87 72 28 4 40 89 61 8 53 29 89 79 18 97 58 59 97 73 2 81 55 93 42 6 48 88 
37 11 20 46 30 15 94 9 16 40 86 95 65 19 88 58 79 55 73 38 6 18 91 43 58 36 55 77 34 79 62 22 73 90 98 23 51 99 46 55 93 23 15 88 63 46 64 51 77 21 74 35 87 39 33 69 41 35 19 88 55 49 100 97 81 27 22 48 21 85 48 64 86 44 37 49 55 11 58 34 27 37 22 38 67 51 10 94 22 45 50 65 19 97 88 31 60 5 68 100 
41 47 40 55 77 95 26 84 67 54 74 59 51 10 56 14 46 21 23 38 45 98 37 4 93 33 37 82 27 59 10 9 78 52 98 2 100 94 8 22 8 72 51 82 3 9 40 4 73 31 11 95 42 59 99 2 4 90 23 53 100 58 15 85 52 13 60 25 48 80 11 2 94 72 3 55 21 99 58 13 46 89 17 61 79 24 98 5 1 32 47 91 18 29 35 4 65 26 50 27 
47 72 1 21 27 7 53 23 66 65 30 79 15 51 6 75 3 88 3 45 99 6 17 65 34 60 20 44 29 91 28 45 65 63 86 24 64 39 32 18 89 43 81 21 82 61 95 74 56 39 44 11 22 33 70 5 23 66 85 98 77 91 91 78 43 69 65 93 47 48 79 80 5 32 5 73 86 85 23 71 55 55 22 40 93 81 3 89 19 68 73 43 35 20 34 70 54 24 18 2 
31 90 97 4 22 48 3 48 12 32 99 55 50 97 41 12 35 100 50 47 42 28 8 76 72 42 58 5 56 64 9 60 81 81 52 28 90 78 4 16 19 99 96 21 78 41 90 71 60 1 28 65 40 27 27 81 28 3 10 38 23 17 24 87 48 86 33 32 8 95 51 72 46 94 12 86 81 63 71 49 17 95 53 69 87 19 85 84 18 33 47 8 27 73 96 43 97 45 64 32 
34 47 79 59 39 84 28 75 49 79 60 10 95 82 18 25 77 42 76 14 38 64 23 26 15 10 78 46 16 25 35 92 33 47 14 80 28 60 62 19 9 55 2 75 33 54 78 31 59 32 65 72 44 43 58 52 38 86 91 47 22 46 46 80 99 82 58 81 71 72 46 81 96 84 74 17 80 100 59 70 46 100 9 20 43 12 50 91 19 57 33 64 57 23 65 56 32 34 87 22 
50 6 28 54 35 77 21 42 26 75 34 56 18 92 36 26 4 8 80 97 49 38 45 76 3 17 95 45 18 62 40 34 12 98 41 7 42 89 65 62 62 86 95 27 13 59 60 17 7 38 40 92 87 66 94 15 90 3 18 50 63 52 75 95 3 75 83 10 5 19 50 40 79 26 32 68 95 27 9 20 38 88 40 74 17 3 68 8 83 23 44 94 5 54 100 22 59 76 90 5 
87 90 18 15 29 24 27 51 11 52 49 13 60 60 65 65 28 29 47 11 72 16 61 92 78 81 38 67 37 11 60 15 33 45 39 98 64 74 3 10 40 64 28 88 79 29 11 79 96 60 36 99 84 21 78 45 37 86 44 23 79 89 59 29 26 36 85 92 86 14 7 75 78 57 73 26 99 32 53 15 87 91 7 52 3 72 36 47 84 99 55 24 84 58 57 85 60 30 43 89 
27 48 63 39 53 71 52 38 77 93 99 66 12 91 49 83 62 65 29 87 68 34 13 79 73 76 15 39 35 85 52 17 70 8 16 22 100 94 87 53 41 70 51 5 97 55 49 30 28 30 33 29 67 97 62 92 27 15 97 3 33 66 83 47 67 63 61 94 41 82 1 57 53 61 95 64 29 86 29 82 53 8 10 10 75 45 94 63 57 34 23 42 77 59 69 9 30 5 44 53 
60 90 55 2 83 14 15 54 79 47 46 22 27 97 100 78 76 40 39 29 23 3 25 32 39 64 76 97 62 55 88 85 31 62 50 39 97 42 84 97 85 8 99 36 25 56 96 96 71 88 65 58 62 65 50 20 49 49 15 38 36 90 18 29 59 67 6 88 76 53 66 94 63 6 62 88 47 73 88 89 69 39 35 73 26 88 71 21 57 4 69 80 89 44 81 16 73 65 46 28 
85 44 48 69 54 82 64 10 48 49 86 76 33 40 34 17 32 3 30 85 63 29 29 84 57 76 63 90 92 45 56 51 30 22 3 20 5 89 30 95 60 94 71 12 7 82 92 71 69 78 24 62 97 2 9 25 80 98 35 16 6 20 94 83 25 35 79 99 53 70 42 39 25 48 89 96 17 71 46 69 76 18 12 87 88 39 38 4 86 63 19 80 29 1 29 50 71 14 59 80 
88 64 27 64 26 45 28 87 85 88 49 46 29 39 88 79 65 13 20 55 60 64 16 46 43 53 74 31 80 74 55 99 82 47 37 61 52 79 66 2 58 34 35 74 43 50 90 97 73 38 69 27 16 68 96 45 16 62 68 16 14 67 77 76 41 25 44 74 85 52 75 31 4 30 7 12 38 14 41 18 97 41 32 50 67 17 1 52 57 30 95 69 62 87 77 83 24 31 42 58 
84 44 70 21 67 84 55 8 80 19 67 56 38 66 20 24 30 71 99 86 14 2 24 29 13 41 10 84 52 69 62 74 91 37 17 39 10 56 83 1 96 73 9 61 91 7 25 41 10 8 57 44 84 63 43 7 79 29 96 21 39 3 23 90 2 40 92 42 1 95 96 60 70 40 93 40 4 15 2 25 59 34 79 58 93 84 26 77 51 74 13 33 50 48 59 63 54 84 17 76 
66 72 32 12 26 37 45 11 4 5 52 10 42 30 92 16 26 11 42 13 11 21 52 45 35 50 16 44 1 85 35 80 54 49 72 63 76 7 54 29 79 96 19 98 70 3 94 67 56 50 26 45 43 24 52 29 23 97 75 98 6 30 7 96 24 2 29 52 2 11 54 36 34 47 19 97 20 36 94 51 35 92 37 82 90 8 49 44 49 64 61 99 46 45 11 29 44 69 95 78 
2 68 95 51 22 83 20 100 5 43 57 59 96 71 36 42 5 11 54 66 60 28 91 99 47 59 32 98 80 3 39 45 45 9 77 52 2 93 100 37 56 3 9 8 17 71 94 31 42 6 87 74 52 55 72 73 76 66 62 36 95 52 86 94 99 16 38 12 17 81 83 52 96 36 43 35 23 10 25 73 6 91 91 79 35 74 94 21 43 27 29 4 83 5 72 26 90 58 25 43 
42 75 48 73 93 71 84 86 33 39 96 78 82 17 72 100 54 40 78 5 60 100 82 31 15 65 28 31 31 1 48 64 51 83 18 29 98 79 61 54 66 53 31 47 58 61 22 40 59 55 31 47 82 87 77 54 48 81 17 8 31 23 78 73 60 97 55 38 54 46 89 14 77 46 60 35 51 47 27 72 39 14 22 67 57 51 76 70 50 53 99 52 56 1 39 42 12 75 19 2 
26 63 15 37 3 81 98 44 84 97 91 15 12 100 24 80 67 20 31 8 31 51 46 51 69 69 11 37 3 67 76 32 16 85 55 3 56 44 86 67 18 67 39 92 21 1 34 96 30 19 83 58 64 63 97 72 35 3 83 38 1 84 53 98 82 17 100 5 52 55 52 61 15 21 64 60 45 16 11 46 29 89 49 12 49 1 84 72 42 43 80 12 1 24 18 30 65 37 13 54 
35 78 54 70 21 97 53 47 76 1 18 35 81 60 50 42 42 20 93 63 16 55 39 59 2 48 51 93 23 22 13 25 65 73 15 53 58 53 47 96 14 72 2 74 42 60 28 85 46 66 15 26 76 75 47 14 21 77 24 80 73 17 99 67 94 94 24 42 9 56 71 58 36 3 24 71 97 21 3 28 49 7 88 59 67 60 57 18 27 82 61 20 27 93 46 75 23 29 79 31 
78 11 39 63 90 34 44 21 99 55 62 55 89 66 93 45 81 76 67 76 33 15 40 74 58 14 51 2 34 21 43 63 96 41 90 27 31 11 64 22 31 55 58 5 8 58 35 100 78 21 29 75 53 85 15 30 51 3 65 91 26 88 77 34 28 85 68 99 65 62 81 64 76 30 74 62 90 13 76 95 36 71 56 25 72 47 1 64 50 76 10 71 70 33 77 77 76 33 3 53 
33 45 13 22 95 51 9 36 2 7 96 50 89 62 31 81 88 62 69 83 77 78 19 60 42 100 6 41 81 66 20 20 23 51 21 14 51 82 12 89 92 46 74 29 71 12 86 47 86 98 98 82 6 70 55 34 57 83 15 43 85 23 11 37 78 16 18 96 96 42 84 60 51 13 20 51 37 27 85 84 44 81 88 12 25 43 45 98 98 78 9 31 93 86 94 81 77 76 72 24 
45 73 74 41 27 47 11 79 63 21 63 62 20 99 73 43 68 2 70 63 45 93 65 23 22 63 90 64 54 71 52 52 80 29 17 70 72 30 66 11 34 72 81 67 27 51 6 47 62 31 44 27 97 19 52 17 100 69 21 74 43 29 24 16 18 62 80 25 83 89 80 32 86 70 57 48 73 28 60 25 79 25 92 16 7 85 34 25 38 79 67 80 14 26 3 91 44 89 32 66 
92 30 50 31 26 92 14 97 2 21 59 1 25 82 57 6 29 55 69 73 49 75 43 38 19 7 30 21 70 47 32 2 78 75 63 90 20 22 77 74 57 98 51 70 97 30 31 38 52 34 93 38 61 58 61 48 53 82 29 98 86 76 58 75 42 67 65 48 58 32 10 5 66 36 20 82 1 6 100 43 17 21 14 43 28 65 38 7 32 68 16 79 97 1 75 18 43 38 48 35 
73 62 25 82 52 16 51 38 80 71 13 31 84 3 88 79 90 70 32 63 35 95 83 84 23 75 4 37 25 51 28 28 47 53 57 70 33 69 86 79 98 20 12 55 23 22 76 59 100 56 98 45 44 64 38 11 81 100 58 85 72 81 22 85 80 39 30 30 17 19 53 32 100 25 95 76 100 96 82 52 36 48 99 77 53 100 15 61 32 79 93 62 16 79 14 66 42 34 3 21 
87 7 38 36 51 5 47 58 11 42 31 72 16 59 3 88 78 6 37 41 16 80 49 11 40 90 33 85 23 64 34 36 58 27 60 17 56 98 41 3 67 9 43 82 6 55 11 1 94 48 22 2 77 92 75 79 90 44 59 33 99 80 31 94 6 97 31 25 49 78 57 60 93 19 69 68 14 58 92 59 80 85 34 44 4 7 99 88 34 57 85 32 61 34 11 83 85 77 70 39 
41 73 40 27 72 85 30 7 11 96 49 72 32 24 71 74 90 18 19 77 17 67 48 13 38 9 11 93 93 45 22 1 99 50 76 33 80 38 47 56 15 75 97 75 30 98 56 69 32 25 29 3 76 87 52 91 39 36 12 41 65 66 86 15 11 89 26 75 99 88 87 98 100 28 20 77 76 1 95 19 71 45 16 14 30 66 94 72 57 23 98 96 10 79 76 88 28 17 41 95 
2 27 39 28 52 14 60 45 81 28 43 92 47 57 60 72 88 22 55 77 38 98 6 70 84 100 28 85 76 55 97 36 64 100 9 6 25 79 45 36 61 86 42 48 86 21 31 83 68 3 100 24 44 87 94 15 79 96 62 40 46 38 42 75 47 45 63 34 13 24 41 94 34 74 24 55 33 9 48 39 57 53 92 13 17 17 52 6 81 79 29 36 82 64 54 85 13 54 45 98 
93 86 17 37 90 94 74 81 84 9 35 29 53 53 27 82 46 29 48 3 44 76 76 12 37 24 68 51 73 15 10 62 54 61 15 100 82 96 71 63 100 8 93 26 52 41 89 77 92 58 23 55 81 8 31 72 14 10 4 50 16 34 2 40 67 78 16 89 23 23 90 96 58 10 27 87 93 42 30 23 97 34 98 8 90 13 7 6 4 93 40 24 29 16 10 11 89 59 46 69 
50 70 25 73 31 51 48 46 87 63 6 26 16 20 24 63 46 59 27 90 58 97 78 29 75 90 48 72 2 46 6 48 96 33 49 99 99 95 82 7 18 61 6 88 7 28 90 98 28 15 96 43 23 53 83 99 2 50 13 31 64 95 48 28 97 43 44 58 34 100 24 71 86 48 80 5 1 58 82 98 51 84 25 64 57 37 8 68 95 13 69 80 6 60 6 93 30 14 7 68 
89 18 60 40 9 76 4 16 25 80 97 16 51 60 45 32 12 78 43 12 91 26 19 9 86 14 57 40 81 21 67 11 51 9 9 81 4 70 58 41 66 37 45 86 15 16 79 32 38 74 13 73 34 42 4 43 5 35 18 13 71 13 47 1 70 92 36 72 66 36 29 45 82 64 78 52 19 69 14 61 75 39 96 92 89 94 8 55 10 13 77 44 31 33 65 5 75 31 67 77 
35 92 26 22 47 86 96 17 18 40 25 2 26 43 31 12 11 88 99 78 26 41 60 69 61 41 99 6 44 21 36 89 58 17 36 78 37 93 39 66 81 19 47 69 47 85 19 73 89 77 40 21 97 45 99 3 59 99 9 58 66 94 10 49 2 19 35 24 82 88 89 61 76 44 64 76 29 76 33 74 63 69 18 2 86 65 31 76 94 88 2 30 20 59 95 89 74 87 9 9 
84 27 87 64 24 65 100 7 45 58 28 94 4 49 41 38 53 26 55 25 30 49 21 34 90 94 64 67 54 56 49 95 7 26 97 23 74 89 76 68 61 33 69 28 74 17 30 12 44 93 53 45 12 75 18 10 87 16 17 36 70 46 94 28 30 12 64 20 89 28 56 4 21 44 40 3 9 78 45 84 50 95 40 13 62 46 40 42 30 48 33 100 77 59 61 61 35 76 100 15 
17 14 48 23 51 38 4 88 90 56 76 49 63 20 95 42 22 62 62 100 80 19 62 59 55 88 96 3 81 89 100 95 34 31 40 94 54 49 3 17 55 24 63 24 50 27 5 76 100 45 15 85 70 29 86 22 73 76 73 74 51 49 8 13 100 94 12 25 22 79 17 21 54 90 60 68 64 4 11 2 40 99 3 64 88 87 11 94 56 52 4 38 47 1 84 98 66 79 51 94 
80 30 11 68 2 8 31 19 99 90 5 92 16 34 53 99 96 53 1 64 64 59 8 86 71 67 24 86 28 84 94 92 11 27 43 29 55 79 87 10 83 72 92 18 79 32 54 19 10 66 54 30 83 68 58 23 80 48 74 55 68 31 35 80 88 92 82 39 31 99 35 32 18 97 32 76 36 9 21 27 98 67 90 37 18 38 62 26 51 72 91 37 26 7 21 65 69 96 48 14 
36 45 88 26 27 65 17 84 63 30 4 2 17 94 93 9 18 34 76 29 93 87 92 53 68 1 98 75 57 38 36 28 44 86 23 66 75 74 90 84 20 80 40 19 31 87 79 34 9 86 80 66 83 34 14 81 56 19 28 99 100 57 70 61 4 2 41 27 35 81 8 94 6 20 29 85 80 17 46 52 31 33 20 54 6 22 76 97 56 35 13 23 24 35 75 15 96 10 81 89 
89 1 28 27 92 91 89 6 78 76 15 91 31 48 82 71 75 51 39 34 53 91 65 37 34 27 58 9 42 68 85 87 58 6 24 14 46 54 46 26 21 2 41 62 27 35 58 73 87 15 24 94 15 93 91 77 49 40 38 21 10 60 58 38 70 78 18 1 97 90 82 44 54 57 82 90 76 91 10 33 33 97 16 15 76 82 4 76 25 69 2 95 17 1 64 73 79 37 78 42 
93 11 68 41 20 68 24 30 36 67 79 31 91 96 63 54 3 90 60 7 1 12 55 47 41 35 44 56 2 70 73 12 64 73 49 3 60 18 84 16 89 66 57 48 71 48 54 8 26 33 79 73 24 47 69 65 53 4 76 60 73 7 80 9 19 8 33 100 82 26 29 73 51 95 50 87 97 20 46 56 71 12 50 34 20 74 83 1 68 35 37 66 11 61 79 71 68 79 42 19 
59 79 66 59 51 89 47 43 80 81 6 34 40 11 87 75 83 75 26 36 92 99 20 64 27 60 7 92 6 86 97 34 84 9 53 45 97 53 53 48 24 53 34 95 34 94 27 35 76 17 91 33 87 8 50 97 19 40 87 47 38 42 58 89 15 33 90 24 19 100 29 65 30 52 26 69 84 19 64 6 78 11 56 10 59 77 85 88 10 74 6 75 25 37 39 94 8 26 57 90 
83 28 42 70 60 62 17 9 100 76 35 53 15 30 28 90 9 12 81 50 91 83 89 28 15 69 30 62 84 10 23 37 21 67 73 30 25 87 97 71 4 96 66 5 31 45 49 94 20 97 14 74 55 57 94 95 91 68 86 93 38 98 100 99 31 54 54 41 40 52 4 37 83 90 81 69 48 20 68 66 1 57 7 12 24 40 23 51 26 55 36 6 88 4 25 95 26 30 57 13 
13 10 44 85 51 100 36 35 30 59 67 94 78 93 58 54 32 40 81 19 1 16 4 92 88 56 23 68 100 25 83 76 84 83 72 11 17 69 14 92 6 9 43 46 79 36 3 10 17 31 78 6 18 18 28 80 24 27 96 94 24 61 73 68 81 48 63 2 69 12 40 58 7 96 81 35 34 46 82 84 76 88 98 86 76 86 77 10 46 78 56 58 1 95 29 80 31 91 59 50 
73 74 64 15 10 54 38 30 92 35 32 10 74 12 96 77 43 43 56 6 80 32 98 43 65 76 9 63 37 100 57 66 2 22 58 52 32 80 78 60 51 45 88 65 68 47 25 20 44 53 75 57 59 72 97 2 84 28 25 96 28 19 13 21 4 35 1 85 40 62 28 77 32 76 11 18 84 56 66 52 71 87 11 41 20 13 62 26 4 64 81 36 81 28 21 46 30 23 22 65 
45 52 49 82 89 31 51 48 7 25 34 80 100 12 33 1 62 23 50 82 76 17 19 35 33 73 11 3 93 4 6 66 92 2 68 14 28 56 54 85 17 3 61 68 19 73 87 21 72 94 88 74 92 40 42 78 27 65 61 45 8 83 42 68 45 51 67 97 58 3 59 39 60 48 18 38 59 42 2 18 5 85 49 13 72 96 98 12 100 6 48 52 93 7 56 52 2 55 39 8 
13 8 85 53 93 44 1 19 73 13 36 14 58 30 38 5 2 28 97 28 66 42 84 48 49 93 46 89 11 19 64 3 79 61 3 61 1 66 17 57 95 85 64 97 73 8 63 27 100 34 72 8 58 87 85 73 63 51 57 44 50 11 81 32 42 18 22 64 28 100 30 88 36 24 20 92 35 71 96 20 26 38 97 43 23 14 38 15 5 79 84 80 77 27 88 18 54 38 40 83 
68 47 62 46 44 75 63 32 18 67 15 82 67 59 69 60 70 55 65 21 67 6 97 65 75 70 82 95 94 86 88 20 78 65 60 17 81 94 91 59 72 65 53 3 94 25 78 100 4 28 91 49 43 28 18 71 26 91 40 87 40 43 70 32 34 89 46 21 30 20 29 4 21 74 5 29 43 57 89 73 35 95 46 85 92 36 9 95 56 36 84 2 3 29 89 1 60 35 76 12 
87 91 24 69 6 55 76 54 78 25 89 88 20 54 52 49 6 59 51 46 67 100 74 17 77 88 68 5 83 99 87 72 13 77 87 98 82 22 8 51 96 64 49 13 88 57 54 32 62 37 52 97 76 38 43 61 27 22 32 71 82 62 81 25 38 66 34 62 78 32 25 76 30 10 93 87 15 99 4 4 84 76 44 2 91 45 29 7 10 59 20 42 77 79 12 79 97 88 27 35 
100 9 99 69 16 29 84 58 90 10 51 34 64 69 5 65 31 29 88 71 56 50 68 20 49 55 18 27 65 2 32 20 70 67 2 20 60 82 75 24 75 24 88 28 30 74 44 79 39 36 10 14 82 10 52 54 96 54 83 60 73 91 81 94 1 17 61 38 34 46 47 58 1 50 54 29 91 68 68 89 27 13 96 75 50 27 71 46 47 62 79 44 58 97 31 31 21 97 16 17 
69 35 21 12 49 89 75 10 20 29 65 2 95 40 12 38 67 25 23 51 26 39 31 29 38 23 25 95 70 56 76 3 58 48 98 34 97 39 32 47 64 30 32 74 66 57 75 23 12 86 84 94 60 32 66 25 76 97 94 80 41 85 66 88 23 26 66 59 42 85 21 87 25 14 83 100 99 86 45 47 71 59 65 9 95 22 88 53 9 53 91 55 38 69 43 26 79 28 96 98 
80 90 77 30 40 76 10 96 78 14 35 51 95 46 74 20 30 71 34 72 21 46 38 84 6 90 7 12 91 23 34 88 3 15 6 77 21 60 19 91 55 87 35 61 27 77 49 74 91 22 98 69 89 62 30 46 54 43 11 87 28 36 64 60 65 71 73 97 31 20 70 26 41 48 91 81 44 37 6 100 78 49 81 14 14 81 11 80 84 64 27 76 21 72 82 70 63 31 27 66 
1 81 62 39 89 39 78 80 4 22 49 37 32 63 28 19 77 50 87 93 100 6 35 4 83 51 93 28 72 93 18 40 35 69 27 36 96 15 37 10 16 31 8 73 95 21 96 98 60 98 69 8 25 29 47 50 2 30 6 95 69 76 38 67 53 18 75 100 8 29 85 23 93 85 47 61 75 23 29 44 12 54 62 24 85 97 62 36 48 11 13 73 10 51 33 93 30 71 98 32 
4 87 72 78 72 11 66 93 21 32 62 58 39 23 34 50 16 5 97 72 16 44 30 53 1 17 95 34 32 98 66 97 76 93 34 17 91 77 80 47 23 43 87 93 83 62 32 36 54 10 96 9 25 99 39 54 69 80 43 56 68 89 79 57 38 51 20 4 92 56 72 84 56 22 83 54 93 49 42 85 8 87 40 10 3 19 23 36 33 39 5 83 6 52 31 60 45 96 1 4 
43 8 18 24 92 56 84 64 88 97 28 58 37 21 17 25 74 51 78 96 7 19 83 57 50 29 90 66 75 62 25 59 51 91 44 47 32 12 30 44 22 86 23 64 71 94 67 9 40 5 16 19 23 45 12 25 30 83 61 12 87 12 30 62 25 87 26 99 11 27 51 8 69 2 75 17 8 40 67 8 6 5 32 2 43 15 21 85 62 61 59 65 29 53 6 34 32 56 68 94 
56 30 27 17 43 74 80 80 42 54 36 19 88 71 20 26 56 30 52 88 84 23 63 17 100 90 29 59 94 15 65 41 13 10 5 87 14 45 11 47 59 10 21 49 44 81 95 88 50 58 44 83 25 90 51 44 18 26 90 47 96 23 50 2 14 23 74 72 62 70 28 48 37 4 75 77 66 83 23 75 72 28 77 10 78 22 7 38 6 7 16 45 88 99 27 75 45 84 51 57 
35 79 10 27 8 82 39 89 76 87 11 54 3 86 86 16 84 29 78 45 70 93 32 86 82 93 2 20 92 26 28 36 44 50 100 52 88 91 94 92 90 22 94 37 23 4 14 86 23 17 33 57 69 27 22 26 99 71 33 2 93 18 39 34 56 74 26 20 36 62 59 56 86 22 33 13 24 63 10 90 35 99 33 78 93 61 60 47 50 72 85 48 55 34 93 54 31 10 26 42 
86 68 22 37 83 73 42 52 37 83 57 80 68 9 52 45 7 48 47 28 34 64 42 68 62 23 88 97 12 67 14 65 49 74 80 97 79 18 77 16 49 23 48 17 23 67 92 30 81 51 14 67 23 11 32 84 28 46 41 12 77 44 8 64 41 99 42 75 26 65 56 46 19 32 69 66 7 97 17 99 10 67 74 31 34 66 21 48 94 66 1 1 94 22 19 41 50 42 94 87 
100 26 60 26 24 72 63 37 75 42 63 96 45 61 50 59 59 97 47 32 63 15 51 1 51 46 90 34 80 28 87 5 39 82 86 57 93 89 98 62 32 78 37 10 84 80 76 56 89 86 49 99 88 10 87 99 10 16 10 27 12 55 9 29 14 64 18 1 88 12 97 45 10 45 61 93 51 76 63 66 92 9 50 5 20 79 87 67 69 86 59 25 21 37 83 24 26 27 79 53 
54 61 89 25 55 90 57 39 23 30 51 36 58 90 49 68 4 20 84 1 14 66 90 4 68 52 73 77 39 99 26 80 11 66 27 98 41 34 9 7 47 82 38 51 46 32 20 98 70 8 83 97 82 46 85 34 57 45 25 88 41 66 64 11 48 7 27 83 98 48 14 12 29 3 94 29 25 96 97 16 36 74 27 53 59 36 34 65 92 59 98 97 59 22 16 40 58 74 93 12 
30 60 92 86 58 31 73 44 20 97 40 82 73 86 63 33 16 23 11 97 98 51 81 84 44 99 25 28 6 50 49 30 58 63 57 67 17 29 56 74 53 3 89 53 12 100 7 47 43 3 74 8 13 31 18 69 9 28 42 92 34 73 93 19 57 28 62 11 55 53 97 38 86 89 86 53 79 25 11 92 60 85 69 91 73 54 76 21 13 81 50 64 55 85 52 81 73 51 46 43 
44 80 52 40 88 6 5 45 2 85 72 35 55 61 68 92 23 5 1 94 63 86 22 53 64 20 95 20 55 43 42 39 41 39 61 50 94 58 82 23 72 4 15 12 17 29 38 57 26 97 18 25 86 22 95 30 10 13 42 28 25 67 89 50 19 7 100 60 8 69 7 54 27 88 55 46 100 91 54 98 23 100 17 34 1 39 45 42 50 15 88 66 54 5 19 25 56 41 60 51 
31 36 38 57 59 67 37 92 87 87 22 70 80 3 60 25 24 31 16 47 18 93 48 4 76 29 32 60 62 85 9 79 45 11 77 90 90 19 64 42 81 4 33 46 56 90 23 12 11 82 86 28 31 99 52 35 33 34 81 36 49 87 86 38 4 14 40 39 16 61 97 100 69 30 15 6 8 4 91 41 92 44 34 40 81 46 40 72 87 95 35 69 59 73 49 88 100 25 54 61 
56 70 51 73 60 37 60 12 46 20 8 62 37 64 73 33 51 59 59 16 76 89 54 95 93 49 98 30 64 72 67 44 9 62 23 32 5 37 83 83 86 10 87 16 49 89 10 36 98 84 95 2 96 79 75 85 68 34 1 47 45 55 31 23 1 86 55 12 82 23 45 65 88 82 22 3 49 76 51 56 27 86 57 12 64 83 10 15 69 58 98 10 70 83 88 22 44 22 44 5 
64 95 50 9 4 61 26 98 98 11 95 71 36 54 3 16 13 25 37 49 55 42 93 56 15 55 96 80 87 10 19 4 70 14 9 54 84 42 97 16 86 79 33 12 79 50 89 57 18 96 59 88 65 26 79 49 18 24 14 67 61 84 75 92 88 21 64 15 24 71 34 38 38 27 67 22 22 38 96 19 77 57 50 4 98 17 30 93 94 11 11 33 31 44 2 23 84 31 15 13 
61 57 14 56 34 49 27 29 74 11 89 28 91 56 86 42 48 1 21 49 85 47 29 66 32 34 38 67 64 46 65 67 13 86 26 26 50 44 77 12 22 92 83 34 74 95 69 1 50 73 87 81 76 16 55 92 95 97 22 81 84 74 15 22 74 55 52 90 27 53 67 15 88 52 9 23 98 11 79 29 14 26 23 37 10 45 86 23 43 25 76 80 76 47 58 77 33 22 81 22 
38 41 98 83 5 51 7 28 83 2 55 19 78 36 84 24 67 77 26 46 56 54 77 69 50 75 71 70 56 93 40 88 42 8 31 45 69 69 32 100 93 78 36 94 86 75 100 20 81 86 18 36 76 71 48 77 71 84 62 24 6 63 74 53 50 94 70 59 98 23 28 18 64 86 36 44 57 29 85 98 63 77 7 68 41 70 37 22 70 4 19 93 68 22 33 51 32 70 64 13 
50 81 17 94 53 16 8 6 7 64 53 96 10 24 35 26 63 80 31 37 43 21 16 95 22 68 72 21 69 47 96 38 35 58 75 62 4 8 97 49 86 40 45 47 52 20 76 67 80 96 93 15 88 44 4 40 74 31 73 95 20 20 99 18 3 67 24 100 84 2 46 82 37 8 87 22 45 50 15 9 55 10 32 62 83 18 74 25 42 98 44 76 27 82 66 60 62 80 40 64 
75 82 88 71 54 17 12 21 19 57 11 39 13 28 23 87 46 45 37 63 99 69 87 55 46 4 35 16 32 53 14 92 74 30 84 92 67 15 90 40 71 71 20 1 9 100 71 67 15 74 43 38 92 83 5 7 42 83 48 3 41 23 92 60 5 76 97 93 98 46 99 92 11 72 25 63 37 7 38 13 24 8 42 96 26 54 43 38 80 67 99 9 98 9 46 46 91 61 72 18 
17 19 28 95 4 56 93 22 81 8 92 69 75 92 89 50 59 82 21 41 51 2 27 58 92 26 26 12 78 23 91 32 46 82 57 23 98 32 59 88 32 68 70 38 18 69 44 27 49 13 24 47 29 38 34 62 14 100 91 91 69 47 48 44 48 72 87 71 4 73 6 81 41 100 24 89 13 6 43 92 73 11 35 85 15 62 74 28 83 30 4 53 18 14 29 34 80 10 10 57 
20 16 16 77 88 7 82 9 67 74 76 60 80 100 40 73 24 24 27 9 56 81 38 8 84 27 85 61 87 18 30 20 23 97 92 34 17 45 72 16 77 4 86 55 64 68 81 21 33 92 92 72 19 27 52 87 58 67 86 62 48 89 57 71 5 4 43 88 23 78 68 44 19 29 84 32 20 90 88 84 22 85 70 79 70 19 64 7 40 21 13 71 93 21 65 80 43 52 28 69 
39 57 29 77 1 80 5 88 25 12 38 58 41 22 54 3 87 68 85 13 65 53 2 66 15 46 66 41 65 3 19 78 96 30 62 29 87 94 76 81 4 92 2 99 5 42 62 82 93 29 36 58 23 7 99 89 16 57 38 67 96 99 90 93 94 68 65 51 37 56 61 17 20 24 87 3 100 3 19 30 77 56 80 44 18 22 41 14 67 4 98 67 42 62 77 45 76 8 75 56 
1 46 26 28 96 49 86 39 20 51 77 27 9 53 4 56 58 44 20 51 41 82 74 17 66 41 43 53 8 37 51 45 1 62 49 70 25 56 77 62 16 88 68 52 68 95 92 88 13 67 27 45 49 32 85 59 100 56 71 2 19 77 55 65 59 63 14 90 24 27 39 64 72 35 7 50 41 63 82 75 30 6 86 3 39 93 28 55 74 61 72 32 19 93 70 95 96 33 3 63 
29 25 25 71 85 57 5 20 16 41 83 54 27 83 50 59 28 40 99 75 42 14 3 65 27 35 49 64 29 89 85 40 64 35 20 58 86 29 1 47 96 49 49 43 46 57 46 9 23 31 15 4 14 37 21 55 13 7 38 65 92 46 27 71 76 21 61 8 27 18 72 59 35 94 99 15 10 96 11 28 95 17 14 80 16 96 61 4 75 35 56 20 90 25 85 98 16 62 15 83 
90 14 27 63 20 77 16 37 8 57 36 77 89 99 95 41 76 78 52 51 95 28 78 90 85 44 80 65 50 76 70 37 45 84 88 71 71 97 45 98 63 89 1 39 83 99 82 15 10 74 41 38 11 10 74 60 92 40 24 23 53 30 68 88 42 1 4 24 3 8 84 83 4 58 88 95 88 31 61 51 56 64 64 84 41 21 90 38 37 85 68 66 3 46 39 78 90 98 41 68 
23 86 84 48 71 78 13 76 42 34 40 82 9 73 24 14 23 72 81 38 18 67 14 90 31 24 55 78 31 62 77 59 13 83 41 70 19 11 67 53 86 13 83 61 15 7 57 23 98 1 44 89 43 54 84 93 23 47 68 96 6 74 34 11 98 1 33 87 89 55 85 59 38 14 4 83 13 27 5 61 100 84 16 65 8 17 39 32 78 59 13 26 75 95 17 27 21 76 23 10 
61 15 40 41 88 85 98 73 85 27 64 36 6 16 7 29 99 54 88 16 30 52 86 78 15 80 41 19 53 5 65 89 29 26 3 32 58 51 7 69 34 35 100 89 22 83 65 64 37 36 11 70 26 98 62 66 73 81 40 28 59 19 35 21 73 51 24 33 63 52 54 100 89 5 26 93 52 88 94 96 69 75 77 35 41 40 36 48 31 80 13 84 1 68 22 77 88 87 97 42 
60 65 73 14 57 46 74 42 58 65 97 52 41 57 99 72 32 66 38 48 3 54 2 66 65 33 26 16 48 81 58 40 53 87 7 61 11 13 69 65 87 55 73 40 91 91 93 56 49 23 82 3 10 75 68 54 50 37 42 32 85 2 91 53 68 8 94 69 59 34 93 53 26 95 75 16 93 7 31 45 86 26 55 83 50 27 26 8 49 50 85 13 24 62 33 49 93 4 32 69 
55 47 45 89 15 83 69 13 57 66 9 2 59 83 24 92 34 49 98 65 42 92 13 63 85 69 35 48 62 1 16 72 62 4 53 48 33 80 14 87 37 16 77 64 58 76 45 46 7 35 41 43 57 75 21 66 22 18 38 2 63 91 10 67 76 43 61 34 21 16 19 78 70 74 34 43 61 74 57 92 54 28 3 20 50 87 61 47 18 88 71 70 13 83 79 71 37 78 55 37 
92 1 93 82 49 100 76 3 46 20 20 87 83 43 42 17 56 44 63 53 52 39 80 85 19 67 10 78 78 8 50 14 94 90 68 10 23 75 85 21 12 81 66 6 24 59 6 97 40 86 39 10 70 48 17 48 15 24 38 31 57 17 33 22 40 52 76 83 33 97 39 16 88 63 11 53 73 85 89 40 88 92 50 94 52 42 7 49 94 91 49 52 7 42 69 9 57 7 58 82 
87 3 38 72 95 27 46 65 9 73 33 21 39 48 61 51 97 61 77 40 40 57 3 6 80 79 61 45 14 80 41 85 93 31 88 31 79 88 35 27 49 80 100 8 68 16 76 42 55 23 9 70 76 94 68 36 52 49 52 90 35 77 53 75 38 93 20 45 68 62 46 16 24 30 38 1 99 96 18 59 56 8 74 49 25 63 85 66 93 83 51 49 36 25 20 31 17 85 64 42 
11 44 6 34 82 10 7 59 51 14 60 32 6 45 48 79 92 45 37 7 82 73 94 24 2 95 88 37 55 10 20 22 78 80 50 21 91 49 44 96 44 82 22 64 94 97 45 50 42 80 76 100 81 42 11 84 89 53 36 20 11 96 22 54 37 25 18 40 53 4 6 61 18 98 22 49 72 6 65 85 10 38 13 57 62 17 42 68 5 28 12 63 76 25 54 80 57 60 60 53 
17 66 56 55 64 35 90 63 44 1 33 54 96 54 71 95 42 56 88 93 32 60 47 25 16 23 41 93 82 28 12 59 78 54 51 12 19 4 57 12 95 100 52 39 100 90 36 16 78 29 2 82 81 81 86 36 98 80 32 29 98 75 53 12 11 96 26 4 37 76 18 50 88 31 43 67 37 19 81 61 66 93 23 81 82 7 10 41 24 78 58 46 23 25 6 66 60 34 95 31 
68 68 86 8 25 16 8 57 24 26 17 75 89 38 98 42 26 87 80 60 71 17 28 51 54 13 18 34 95 25 70 10 26 35 89 13 73 3 8 56 87 79 89 28 77 12 81 21 68 62 15 54 84 60 10 74 51 80 45 12 13 26 18 9 36 33 60 88 17 75 14 64 73 64 96 43 4 76 49 28 59 7 62 22 24 75 69 33 50 21 14 81 3 43 75 65 31 89 18 49 
53 49 36 15 48 6 51 45 22 13 7 17 58 62 36 70 77 30 87 25 5 21 68 35 28 26 33 99 17 12 85 44 56 83 87 22 66 86 93 21 77 82 44 8 25 2 51 74 47 48 33 27 62 46 90 50 78 1 67 5 34 9 42 81 43 89 22 4 18 15 56 48 29 11 76 67 14 28 55 59 18 17 79 88 29 40 5 34 5 74 54 62 92 12 51 58 30 13 53 46 
50 2 38 92 38 20 21 41 4 40 34 36 41 73 14 33 82 50 80 28 22 69 29 30 9 35 85 82 9 8 2 98 12 86 54 26 3 32 37 67 52 52 13 31 61 61 47 8 60 92 58 96 75 6 55 48 7 49 22 4 37 18 66 72 88 88 33 42 16 74 10 12 14 17 72 90 43 44 53 16 27 9 73 93 87 94 41 66 84 5 37 19 96 18 6 90 2 19 4 39 
68 69 72 10 47 60 69 12 9 51 54 87 34 76 8 40 97 60 24 61 90 27 43 76 45 88 38 93 52 40 17 1 64 67 83 91 66 100 41 49 38 4 81 100 74 13 91 93 1 1 15 93 38 10 68 59 84 48 95 78 99 61 54 89 11 13 14 48 25 34 34 94 54 27 53 98 14 41 8 31 23 35 14 29 23 89 44 62 3 16 37 81 76 55 43 34 94 17 26 68 
79 37 70 89 96 25 67 34 37 35 37 24 67 51 98 95 28 49 89 32 77 68 98 51 81 26 65 15 3 66 34 100 96 53 79 24 61 97 58 32 45 12 67 19 91 46 99 61 84 91 30 96 53 73 82 87 11 81 86 98 57 28 22 45 45 4 76 95 95 47 27 94 6 34 88 97 50 21 68 7 38 77 29 33 92 15 2 66 82 31 54 76 23 37 55 84 12 99 42 44 
62 1 8 49 17 74 31 10 8 12 21 62 99 25 31 76 95 40 44 58 85 28 66 75 18 81 47 13 2 31 18 64 70 94 35 16 10 90 39 7 100 64 73 7 25 90 84 35 30 65 48 63 23 89 80 19 66 76 98 42 71 43 32 17 73 12 72 13 68 37 92 72 24 30 64 97 91 58 38 68 5 10 62 77 15 56 95 24 42 38 65 47 87 100 51 30 99 93 13 99 
46 12 33 92 42 63 26 52 98 26 8 1 64 17 6 43 15 1 40 52 100 4 74 87 34 81 30 99 14 79 59 91 61 2 48 26 78 77 66 21 38 36 55 34 4 28 30 80 36 95 100 8 52 45 64 61 63 75 70 11 14 66 58 66 9 4 27 39 37 31 12 41 28 43 93 16 52 12 28 8 76 79 41 63 40 7 71 85 89 47 7 61 18 97 33 17 83 98 24 51 
81 46 62 30 84 85 52 30 57 20 94 78 68 32 48 74 66 72 41 57 18 56 40 59 77 51 71 57 64 53 34 4 12 62 96 17 10 40 74 70 7 7 27 62 44 74 96 95 56 38 43 30 57 38 21 84 80 17 80 85 73 47 67 64 56 61 30 74 99 33 46 19 61 33 60 21 18 57 99 52 7 73 90 22 87 5 87 41 27 21 97 66 49 63 4 15 88 45 91 82 
57 7 50 63 15 27 41 14 24 28 6 74 92 48 26 12 47 83 35 66 40 65 41 52 25 59 82 79 62 26 75 97 84 73 4 1 47 44 73 7 20 44 70 5 25 9 71 24 71 71 43 81 82 50 20 38 89 69 83 66 45 34 51 95 78 19 13 43 31 82 45 94 52 12 41 49 34 54 100 64 61 67 83 74 53 24 77 71 3 57 36 16 53 44 8 1 19 90 8 9 
26 74 36 2 66 73 80 30 5 26 1 15 39 93 20 10 58 43 58 59 92 90 50 63 8 68 44 12 73 80 55 14 97 32 5 42 79 18 26 73 7 81 83 2 44 52 99 33 89 46 29 73 74 18 40 56 47 59 82 58 18 93 45 44 72 70 65 21 37 20 87 94 56 59 46 2 36 31 58 35 84 2 14 77 77 45 33 32 45 96 47 98 94 2 18 18 33 24 11 34 
2 89 41 75 96 8 100 70 65 28 91 75 63 3 84 97 87 66 4 45 39 75 36 92 20 24 12 77 5 14 83 56 93 85 27 34 23 46 73 27 48 30 42 48 14 16 28 7 59 89 67 6 96 92 84 74 99 24 52 57 52 57 72 85 87 94 74 88 25 37 4 45 9 59 62 85 61 100 43 34 39 14 52 46 29 81 51 15 36 3 19 22 7 99 73 99 87 22 50 18 
100 91 33 24 36 73 8 60 28 86 14 5 46 58 83 62 4 42 33 42 50 15 96 89 4 2 28 38 39 57 41 97 55 5 90 36 30 96 72 29 45 28 85 24 83 63 12 22 36 9 23 82 86 67 3 48 95 70 96 97 33 79 22 8 88 94 46 47 93 100 17 61 63 25 86 98 50 48 17 85 92 75 20 41 55 67 87 32 52 54 89 98 43 71 35 68 41 93 11 15 
48 81 82 58 59 90 61 91 6 27 40 92 4 40 59 42 89 38 66 57 40 67 2 26 66 44 100 6 60 100 19 61 84 24 33 58 95 8 94 64 51 12 87 63 47 56 11 91 23 62 100 30 89 18 23 49 83 100 38 49 39 33 34 25 30 72 33 88 25 16 7 24 11 3 6 94 34 2 86 59 53 10 79 82 100 63 25 100 91 82 64 17 56 50 35 50 21 5 32 48 
7 10 60 25 64 22 99 94 84 21 60 57 55 25 47 83 42 53 65 37 68 77 14 14 99 45 81 54 36 81 12 96 98 96 33 39 99 21 21 73 74 23 60 47 91 64 22 61 73 35 99 47 82 53 55 31 5 54 96 23 15 99 8 54 43 2 25 24 44 91 83 56 40 99 94 44 39 93 28 58 23 52 20 56 44 66 69 56 76 61 36 12 65 9 61 99 43 38 69 33 
87 30 23 51 92 34 14 96 9 45 84 100 14 70 15 69 90 55 99 45 33 28 56 62 6 93 8 67 14 70 71 66 30 81 13 66 55 30 70 23 77 76 97 90 13 32 87 40 47 8 72 63 57 91 10 12 65 49 3 61 79 56 46 88 8 86 73 22 18 85 1 96 67 48 8 80 89 1 66 42 49 4 59 87 92 70 18 69 8 99 9 7 74 46 77 15 81 93 48 12 
53 24 32 99 86 13 41 85 50 28 6 19 73 95 57 88 15 23 59 76 52 2 69 11 68 37 73 84 39 8 4 59 44 99 96 36 7 43 14 56 5 37 81 24 26 86 27 70 45 61 1 68 52 53 76 89 74 45 22 57 48 96 48 39 72 100 9 18 68 32 86 33 49 6 18 19 49 55 63 32 80 13 24 97 43 86 100 78 21 33 34 85 39 70 95 5 95 25 66 82 
13 79 30 56 52 55 73 32 56 14 84 26 74 36 91 73 74 1 88 22 53 39 1 82 42 15 40 36 31 45 37 41 32 21 35 36 41 5 54 37 91 35 91 4 3 99 40 10 37 80 70 16 20 75 65 37 37 85 31 46 62 88 90 2 94 25 99 74 74 52 19 59 71 99 48 16 19 60 19 44 23 59 50 11 40 81 4 11 3 8 10 57 93 1 50 5 79 65 72 3 
18 13 23 98 77 44 43 97 64 20 82 23 32 63 22 63 97 57 85 74 83 51 28 29 37 63 23 94 86 83 92 79 42 22 87 77 41 97 51 65 68 86 78 97 83 1 35 98 28 66 89 80 70 39 89 54 77 47 50 46 18 4 29 12 12 43 60 17 34 66 17 28 48 77 69 99 40 66 43 15 42 21 56 81 43 16 70 73 79 99 1 59 5 26 53 87 42 28 39 76 
94 93 59 46 22 71 74 15 11 78 16 46 84 69 96 33 27 15 48 58 69 51 57 5 66 38 70 8 5 13 12 53 31 71 70 77 60 91 54 80 39 10 65 17 52 94 49 90 70 60 98 40 47 32 87 97 46 9 76 53 26 82 48 98 38 3 60 58 1 50 12 1 41 9 43 14 32 51 97 99 54 12 35 23 90 37 66 27 5 57 42 39 39 19 87 38 17 80 33 97 
45 39 96 93 35 53 23 21 74 75 39 96 61 79 37 18 59 21 84 4 78 60 8 88 35 68 55 71 64 97 38 88 18 91 13 23 92 42 50 26 89 95 17 29 76 66 94 24 43 29 54 76 42 76 89 54 34 91 73 5 29 81 93 80 25 74 39 79 85 70 52 62 87 64 22 92 1 51 61 20 36 71 5 67 43 51 72 44 84 9 12 77 84 23 21 77 43 28 17 50 
91 38 35 86 6 99 47 22 90 1 32 62 62 36 40 12 69 69 89 38 36 57 97 10 80 43 60 68 80 72 31 39 32 60 58 7 24 52 63 24 66 30 99 55 83 8 100 90 25 72 44 41 26 54 15 18 2 68 15 89 97 45 61 71 100 84 80 26 41 13 22 12 19 24 52 7 29 57 70 3 21 93 49 24 93 84 44 69 44 20 80 97 5 60 17 14 13 37 70 75 
