100 100
100 6 83 80 90 25 5 5 5 46 66 96 28 8 36 24 69 31 13 51 84 36 43 76 76 93 21 56 19 10 79 44 69 61 18 57 28 50 74 99 65 74 39 61 54 32 14 66 69 53 35 31 90 14 6 68 98 91 14 81 97 77 77 73 18 35 92 98 39 72 67 25 82 99 71 5 98 81 89 31 76 75 30 36 23 50 56 24 16 24 15 22 48 58 10 80 63 2 28 80 
40 56 27 29 52 95 88 12 53 78 67 100 86 29 76 3 71 35 64 65 64 80 80 23 49 62 63 83 11 47 73 18 2 61 60 24 90 52 28 96 41 90 23 46 61 96 63 94 65 40 98 71 33 41 81 92 91 41 51 40 39 63 53 23 31 10 92 50 68 69 34 70 25 56 60 97 14 32 79 32 34 73 29 59 67 100 23 46 23 29 3 5 50 65 68 70 50 59 58 44 
64 44 84 67 47 43 39 29 81 62 91 50 71 13 50 44 73 57 31 22 69 41 16 30 69 99 90 83 81 28 11 65 81 22 52 80 1 2 14 97 32 97 86 91 42 71 53 80 44 94 53 93 8 79 83 77 20 19 5 72 79 81 2 1 19 18 33 62 58 83 47 48 15 54 14 2 41 8 61 35 37 92 17 15 57 64 35 57 81 95 22 85 72 93 39 84 92 6 46 75 
52 91 50 3 82 34 90 54 70 75 17 65 77 85 32 43 63 37 2 99 41 2 33 59 65 99 59 16 22 20 28 78 66 17 13 3 54 43 36 72 1 40 1 42 68 7 4 76 77 4 57 22 16 21 62 48 47 62 99 1 10 21 1 62 96 87 54 39 19 61 57 67 4 99 89 67 36 84 24 35 78 74 77 89 36 55 42 19 97 10 80 10 61 72 99 30 100 64 97 72 
53 58 98 64 96 21 17 62 43 59 67 85 31 79 46 42 23 65 2 4 89 67 44 45 91 80 5 25 71 12 80 12 96 65 67 1 94 44 71 62 11 16 57 65 58 42 69 11 24 83 2 97 63 54 16 73 18 71 22 10 13 93 6 39 7 79 91 68 45 43 92 53 98 74 88 8 5 35 69 31 87 50 39 54 75 24 7 6 73 78 56 31 99 36 94 62 66 45 29 36 
92 30 80 43 57 66 2 97 93 89 39 3 6 64 24 86 81 86 78 18 71 61 65 29 58 92 74 96 46 4 42 61 62 51 53 88 28 12 82 94 4 1 21 26 44 93 37 34 66 36 84 42 44 99 64 53 17 78 99 52 31 61 26 26 10 31 100 33 63 92 72 55 36 53 20 22 88 17 95 76 40 46 87 86 82 22 59 68 68 62 68 39 13 57 36 24 92 54 2 15 
2 41 19 39 23 47 96 43 95 28 33 68 76 42 71 11 49 48 82 3 89 64 88 29 74 94 33 95 31 13 42 74 66 42 40 65 13 22 94 19 31 53 13 39 23 21 40 85 19 39 76 49 50 44 39 59 11 36 39 19 72 83 97 70 21 30 79 78 33 78 59 24 13 33 96 68 58 92 7 87 63 74 66 22 26 49 58 92 90 23 26 65 85 2 76 47 52 55 94 5 
75 46 5 88 84 73 32 88 41 89 20 32 75 15 54 79 11 66 76 39 4 74 6 41 55 50 53 43 75 69 82 42 9 23 69 82 18 4 94 64 48 74 24 19 65 87 19 77 49 51 90 25 95 60 61 98 50 41 35 46 82 51 2 80 96 92 37 87 75 77 63 26 36 51 76 92 65 18 40 2 80 93 94 26 86 99 15 3 31 23 62 53 50 99 82 10 92 18 87 48 
65 60 75 97 58 80 58 7 67 74 57 30 60 47 86 88 22 10 3 87 19 98 24 23 1 39 24 88 50 14 7 62 82 100 80 73 37 49 36 36 98 45 76 17 39 85 49 91 19 96 44 53 3 44 12 29 30 19 25 13 1 83 12 43 67 22 100 40 72 17 90 75 5 57 10 88 33 91 84 30 5 46 85 58 26 62 62 67 22 91 24 74 30 13 29 31 11 61 67 7 
79 46 90 84 74 75 10 25 87 14 43 32 97 16 40 78 66 25 31 100 72 52 37 88 9 89 6 48 92 56 3 79 32 16 37 9 85 12 6 38 65 99 13 75 29 59 86 24 64 35 70 86 78 3 85 17 48 91 57 14 11 93 88 90 45 38 78 87 32 61 2 12 96 66 3 47 98 1 32 72 93 76 32 98 90 8 15 40 66 99 14 19 70 29 43 89 42 62 78 8 
33 22 39 70 85 16 59 11 43 80 10 40 32 41 8 96 66 29 47 59 65 62 3 61 45 55 79 56 63 22 96 82 14 7 63 3 15 22 74 5 62 10 34 73 95 25 25 57 53 86 3 85 92 43 17 97 82 47 1 47 69 21 11 70 39 58 79 63 92 97 48 61 83 58 27 30 86 78 19 21 14 92 54 20 44 79 38 72 1 31 74 3 85 12 29 56 20 88 23 48 
46 25 80 90 79 14 98 74 71 31 58 7 33 85 42 35 45 95 2 23 80 48 91 78 75 68 62 43 31 79 90 38 61 78 7 61 26 63 19 11 54 88 76 44 61 18 75 58 78 93 27 33 26 72 12 9 67 88 37 67 73 71 100 11 92 93 20 80 64 58 27 33 88 47 41 53 7 88 66 81 48 33 83 2 96 35 99 68 76 68 19 43 14 80 60 52 45 18 59 33 
28 56 57 17 16 53 54 85 81 98 75 34 73 48 94 31 99 50 37 80 84 7 45 35 57 79 19 41 37 57 47 72 37 68 63 12 86 37 64 87 31 13 48 60 33 66 30 94 61 19 67 82 40 87 88 22 11 25 85 37 40 4 5 8 83 60 81 41 64 33 44 59 43 62 11 47 12 91 42 21 21 49 54 10 16 61 25 20 26 19 60 42 52 7 22 97 97 99 20 22 
5 83 95 70 50 39 67 4 17 16 10 54 100 38 86 38 48 24 93 65 87 85 47 7 80 28 83 64 67 59 50 73 62 45 33 43 91 52 53 40 29 47 19 21 59 70 3 10 3 98 78 12 20 9 85 31 81 97 36 85 92 91 100 38 48 62 41 58 9 8 79 69 63 5 7 29 89 93 70 54 23 86 13 18 26 70 40 50 94 95 56 52 32 4 98 98 85 88 20 59 
34 25 2 25 58 31 70 37 18 60 12 74 66 9 48 53 72 43 34 19 17 52 66 19 55 55 2 29 53 9 13 12 46 33 39 100 85 57 34 37 16 39 79 81 14 3 35 80 13 24 68 77 4 80 94 36 71 81 22 75 67 74 66 38 2 56 49 28 2 79 9 56 34 96 58 91 24 65 73 68 50 13 17 68 47 13 28 5 24 60 70 97 29 84 57 98 25 92 47 91 
97 12 12 54 100 66 29 3 74 100 10 31 42 8 24 9 12 46 37 75 35 23 38 41 1 93 83 23 1 25 52 35 99 18 56 10 52 19 44 35 72 89 31 42 43 23 48 13 43 82 37 83 20 57 12 82 95 95 81 64 7 7 33 10 59 45 88 17 71 3 98 12 65 9 87 46 29 39 18 13 39 5 25 48 64 49 7 14 1 58 100 91 27 89 63 9 24 86 36 34 
86 62 8 83 13 29 17 32 29 64 64 51 75 64 53 70 38 70 97 50 48 61 13 63 74 34 35 28 44 88 17 54 82 43 27 82 35 16 8 81 50 15 22 98 50 38 40 12 88 82 48 14 14 27 50 72 77 92 46 76 85 2 78 53 77 58 23 6 18 47 81 18 18 43 9 90 81 84 43 11 8 17 68 32 1 49 50 21 78 46 5 87 85 47 88 30 35 88 6 15 
58 88 41 87 86 61 100 100 66 98 87 24 65 32 72 87 23 50 30 65 94 56 16 59 14 26 65 69 98 62 52 14 32 50 71 61 50 54 84 6 34 45 48 17 66 53 33 77 51 88 58 67 70 63 27 35 33 94 20 78 97 51 89 21 21 8 8 12 79 37 96 38 38 46 62 50 99 76 44 97 10 30 47 7 85 33 76 83 18 82 74 100 81 40 3 17 38 63 10 39 
27 70 49 68 41 75 24 44 29 69 60 71 89 17 32 56 70 65 63 10 98 99 3 79 18 88 12 18 25 38 59 81 15 29 83 6 74 56 90 39 52 94 28 57 98 13 73 64 58 1 48 27 72 96 37 25 22 61 16 23 96 96 58 58 91 4 83 57 52 69 35 41 49 13 12 27 11 22 61 31 40 54 2 4 10 60 77 79 83 65 38 96 27 84 97 98 82 5 32 5 
34 48 63 14 19 91 18 84 39 93 60 75 22 39 4 19 83 22 4 89 62 86 93 77 51 79 4 29 75 36 58 20 93 37 91 57 58 12 99 62 20 65 68 99 17 81 18 52 41 73 19 21 54 10 21 44 55 3 88 75 70 6 29 50 60 51 95 59 15 45 90 63 26 54 11 13 95 58 89 40 41 27 62 42 75 32 30 51 50 22 98 2 60 2 68 19 75 14 81 58 
32 89 4 64 97 92 3 85 19 31 66 95 23 73 47 33 68 75 43 37 37 30 20 58 89 8 5 42 57 96 99 41 54 55 95 78 68 34 72 30 34 90 55 76 1 2 38 44 50 65 62 30 85 49 66 61 29 60 80 94 49 94 90 64 94 27 34 75 39 47 4 54 10 21 30 76 38 30 89 3 59 54 49 60 31 59 5 49 55 67 78 23 80 60 84 100 46 86 64 14 
52 12 8 34 66 97 50 49 33 69 94 23 57 97 1 37 40 81 82 83 9 65 28 54 99 58 47 35 49 100 36 83 58 29 62 89 23 33 1 24 90 94 49 10 12 26 34 6 41 77 44 44 88 12 53 34 41 19 31 59 43 11 18 58 53 2 47 76 96 51 54 57 83 23 97 88 16 28 24 22 94 29 36 100 84 91 25 61 49 45 17 97 60 36 20 35 53 57 11 93 
90 71 86 33 13 6 93 45 57 8 40 29 35 90 78 85 44 20 36 100 49 100 17 75 80 5 14 18 85 74 30 54 56 24 94 61 32 19 100 93 6 56 17 67 67 89 87 93 27 100 61 72 32 76 66 94 18 7 42 44 30 23 20 38 43 39 93 76 13 21 18 14 17 65 26 18 49 32 34 14 55 24 13 11 39 60 36 35 51 100 80 26 16 63 76 52 100 31 38 68 
89 43 89 18 20 35 86 28 90 84 63 76 57 55 34 89 95 5 23 19 25 13 59 46 90 39 5 51 49 59 79 98 55 74 27 75 32 56 78 49 91 86 95 39 70 79 86 96 17 93 38 30 12 91 85 65 34 15 13 84 17 17 40 44 21 84 81 20 27 24 70 33 64 76 12 61 48 35 27 10 25 44 99 85 95 88 88 92 88 82 18 69 58 1 53 63 71 41 68 78 
62 98 68 6 48 92 10 35 27 52 79 59 6 74 70 59 29 44 81 43 16 19 82 45 8 25 24 83 26 80 83 12 23 15 65 92 96 3 70 74 5 6 55 2 95 64 90 7 41 69 27 35 30 35 82 32 8 61 85 88 33 91 27 6 71 53 44 41 4 2 63 32 50 69 93 22 18 62 27 78 64 92 61 96 38 18 74 50 6 21 13 5 24 18 50 50 13 77 74 2 
74 54 27 24 30 55 31 23 84 12 96 87 1 16 94 49 22 72 61 92 87 5 14 17 40 48 11 90 28 2 57 28 97 2 35 29 92 86 51 74 34 66 51 43 19 97 51 22 16 51 46 70 70 55 12 50 93 16 65 14 17 37 75 70 95 55 43 79 86 26 44 16 42 6 74 53 47 96 71 7 12 28 90 64 94 63 80 13 1 79 57 54 61 11 85 71 93 98 14 40 
100 85 47 68 75 25 49 44 30 96 69 11 73 66 10 80 12 5 80 84 12 24 38 2 37 26 22 83 86 72 37 23 48 10 1 34 3 13 37 33 9 34 54 58 70 75 2 71 38 22 42 23 54 42 92 48 59 42 69 76 60 53 16 65 91 19 2 25 39 62 52 15 98 28 4 46 11 92 31 65 21 92 71 15 99 67 36 28 55 7 3 71 29 14 82 100 80 66 60 14 
82 37 25 3 53 68 94 95 32 80 18 24 81 89 43 20 35 68 95 18 43 66 14 4 1 50 38 29 13 58 79 9 71 60 6 28 40 14 93 45 68 5 2 48 71 96 56 97 2 74 19 95 21 51 38 41 88 35 40 25 59 23 73 33 31 73 80 75 26 47 16 24 40 10 96 17 20 35 81 63 73 2 29 89 78 91 94 79 1 93 15 17 55 57 55 90 59 79 53 51 
44 89 17 29 67 82 50 66 26 54 35 71 22 81 59 6 51 3 90 27 74 37 77 33 59 54 66 11 93 87 31 90 25 9 63 38 24 57 34 74 58 70 62 89 79 82 91 82 80 99 26 3 22 4 30 67 9 23 27 21 16 4 76 56 58 87 1 51 5 73 10 63 10 59 93 19 93 67 24 99 94 75 78 80 73 34 47 64 68 46 7 39 2 8 37 21 84 69 64 74 
13 86 63 45 21 48 90 20 46 46 14 10 17 29 31 45 78 24 86 28 13 64 35 58 43 57 66 10 33 6 38 43 59 54 93 76 70 62 71 2 50 70 78 53 55 26 96 66 7 33 82 11 71 69 98 63 54 59 40 97 1 67 8 60 98 12 4 26 13 7 67 67 42 74 68 7 64 26 50 58 13 67 84 70 14 55 9 89 42 50 37 30 13 3 2 68 13 94 36 57 
95 2 67 96 76 17 66 69 75 63 69 47 56 75 23 5 54 12 65 13 6 5 99 17 25 15 77 9 90 37 41 98 39 68 40 13 31 44 79 10 71 58 97 87 84 36 6 93 58 5 68 46 19 72 44 58 86 38 92 33 22 80 76 72 4 50 80 83 34 51 41 49 13 48 44 12 8 76 31 88 54 85 7 26 62 49 20 20 22 42 3 27 19 54 67 100 48 62 86 87 
1 85 68 73 45 1 56 65 44 63 19 83 8 99 14 58 19 72 69 44 11 2 16 12 54 64 51 82 39 53 55 34 25 7 71 66 47 15 99 99 45 35 27 89 92 24 23 23 37 68 29 67 80 57 15 36 81 91 78 49 56 95 46 13 53 74 47 98 25 91 81 57 11 17 69 71 31 13 21 87 81 20 58 57 99 1 53 95 10 40 65 8 37 28 67 96 53 88 45 79 
52 83 41 98 26 59 38 31 46 53 41 46 9 28 98 8 22 77 97 80 15 27 29 52 36 62 36 82 48 79 5 83 94 52 44 67 56 89 84 27 79 51 5 12 74 57 95 96 11 9 3 9 92 35 25 44 33 46 85 55 17 95 2 89 27 14 27 39 64 91 26 13 32 17 47 40 7 66 37 24 73 89 3 90 50 55 72 61 40 97 38 27 48 30 75 1 98 83 9 51 
24 18 10 15 31 71 79 63 52 64 25 79 31 11 59 64 63 75 70 100 99 37 83 80 11 41 62 49 40 77 91 20 66 82 75 85 83 40 30 85 24 37 22 13 20 5 39 30 35 67 44 12 10 55 40 93 40 89 67 24 66 62 3 91 1 58 91 96 27 8 16 65 22 7 83 55 96 31 24 2 57 49 76 11 65 73 45 81 94 46 11 42 100 3 79 12 55 78 69 22 
58 40 37 74 64 52 7 69 52 20 95 77 2 7 45 82 47 86 15 1 100 37 61 12 88 45 71 58 3 58 23 46 70 19 66 39 94 98 9 70 65 73 72 50 28 44 30 7 33 94 57 97 79 18 54 1 20 40 37 33 56 58 94 100 8 99 38 55 40 24 8 94 33 36 90 11 20 70 99 32 11 89 30 89 46 34 53 73 99 89 64 100 53 2 11 90 73 68 35 12 
5 51 51 28 95 97 53 57 52 65 44 16 53 75 45 5 79 33 26 68 62 20 47 75 71 43 75 23 40 70 97 95 53 44 6 46 54 43 10 53 21 34 69 57 97 50 74 32 97 9 79 81 57 87 67 56 79 42 39 37 53 99 37 31 1 66 10 82 4 36 60 20 7 34 82 27 56 63 10 21 13 37 11 75 79 40 16 25 97 36 12 31 99 78 93 19 77 96 23 43 
37 94 48 93 97 76 53 64 20 31 3 22 99 38 82 48 38 36 74 61 48 94 67 56 33 26 48 76 18 84 51 28 35 83 47 15 66 71 52 55 60 77 81 2 34 19 34 22 69 8 38 10 48 60 62 32 81 93 3 27 91 82 44 83 40 40 35 53 85 41 4 50 7 88 21 26 81 33 63 71 65 22 32 6 73 24 20 26 63 91 48 50 5 97 50 11 17 7 19 6 
5 69 93 80 59 88 69 29 30 78 24 81 83 56 83 2 96 41 35 7 63 20 3 50 53 34 88 16 53 29 50 73 86 24 23 16 96 50 88 34 29 68 63 28 61 95 36 4 54 31 53 10 43 11 37 96 46 44 29 64 60 94 77 64 99 5 15 75 62 68 38 34 38 15 48 61 68 39 79 94 45 55 38 79 14 22 77 92 50 45 75 27 78 25 18 71 82 31 38 6 
39 88 84 97 70 69 16 98 64 22 59 35 64 2 44 86 6 82 74 17 56 51 84 82 47 25 40 82 81 95 52 33 26 82 35 26 29 84 13 48 62 4 88 12 48 94 76 31 25 62 13 46 58 58 17 36 17 15 25 3 45 92 7 36 28 69 71 84 47 2 61 74 75 98 65 70 33 81 11 4 25 2 74 24 60 65 81 35 64 28 14 71 16 79 13 100 51 24 69 30 
62 30 87 49 57 15 30 88 64 18 37 92 75 84 52 88 36 40 41 53 98 36 97 54 92 14 62 91 17 26 38 87 15 99 29 52 67 37 42 91 53 40 33 40 70 64 74 67 55 36 74 38 66 86 43 56 44 93 73 20 40 31 33 17 35 34 45 27 82 21 22 10 60 1 13 58 30 94 43 79 27 91 35 40 80 57 39 59 15 46 96 50 26 99 80 91 54 90 92 91 
29 86 1 91 66 80 27 11 84 31 73 36 77 23 28 65 27 19 51 78 38 62 26 27 79 52 25 79 58 1 5 38 52 39 37 90 47 81 14 82 14 50 4 9 70 25 68 98 37 82 81 84 95 93 80 88 80 32 88 41 12 17 47 34 88 24 25 6 84 86 45 75 37 20 37 3 31 63 5 56 81 48 65 9 75 93 43 21 61 91 27 53 94 99 6 68 68 25 7 19 
39 75 91 5 99 92 96 24 32 88 26 89 70 73 3 49 9 90 58 43 49 71 38 85 85 59 95 8 34 28 84 82 51 77 57 27 24 20 79 98 1 7 12 87 65 72 50 29 21 52 4 49 41 60 31 12 56 95 71 74 37 77 14 59 98 62 87 23 55 24 52 53 20 10 44 31 81 66 63 32 62 66 85 89 67 93 91 60 38 17 74 100 31 32 66 20 8 49 25 3 
78 34 3 26 34 10 79 43 65 7 69 7 12 82 19 24 29 23 3 91 90 93 99 42 93 22 86 96 91 62 85 47 16 41 97 33 23 99 49 89 66 33 65 18 59 58 18 33 62 66 5 39 30 43 57 10 20 49 92 87 6 35 30 56 24 28 2 61 53 92 64 42 23 31 14 28 13 75 41 49 62 91 59 46 1 36 78 9 77 13 57 60 77 50 30 29 64 42 18 74 
68 80 55 68 17 12 89 17 37 52 37 31 42 5 10 61 64 82 47 15 57 51 53 59 38 15 44 16 83 16 14 31 11 11 57 89 44 92 15 43 25 58 60 43 49 52 98 15 81 27 29 60 100 27 17 8 3 83 77 96 21 26 23 99 84 91 87 74 51 38 74 95 85 73 28 39 96 61 20 53 36 57 28 56 37 81 23 23 14 80 99 72 55 36 85 43 27 36 34 67 
12 57 68 43 5 87 65 27 18 94 98 97 51 59 19 77 5 24 63 60 85 66 16 97 44 45 49 26 87 42 30 43 57 83 77 94 42 1 68 21 57 16 55 18 36 1 26 72 69 7 67 92 57 47 14 25 35 15 69 11 59 93 69 41 6 84 9 83 42 51 63 96 82 84 30 17 19 72 92 22 70 41 5 97 21 97 2 80 91 79 36 92 71 62 80 6 83 81 50 34 
58 43 57 33 94 52 22 32 70 81 32 68 22 5 3 38 46 38 12 14 64 48 67 57 71 42 63 64 58 13 78 88 67 90 67 66 62 97 16 93 15 54 3 36 75 90 58 53 98 91 92 26 89 91 78 89 21 9 26 51 75 62 16 70 69 10 52 44 65 27 43 6 21 33 43 68 49 81 46 41 8 2 66 8 33 95 4 68 67 42 99 69 85 67 16 92 95 70 31 34 
8 100 5 65 22 38 70 36 98 16 73 85 54 13 74 54 92 35 18 56 59 50 32 22 91 14 1 89 38 88 78 62 47 74 63 49 11 95 93 53 31 82 89 25 37 96 76 64 23 23 52 25 35 30 88 78 83 61 31 34 78 23 88 28 100 39 60 68 88 84 63 23 10 42 80 49 91 32 89 71 15 87 24 32 46 76 42 21 80 21 36 55 77 31 49 37 44 52 74 78 
97 5 64 57 74 10 55 73 60 34 19 70 99 54 55 97 50 70 27 81 63 11 66 95 73 96 97 1 4 95 39 25 47 82 59 79 26 52 24 4 68 99 28 71 50 2 28 54 28 43 79 59 99 50 56 64 34 74 42 78 73 10 49 48 90 59 54 38 32 49 84 16 55 62 79 58 16 13 51 48 49 13 16 31 86 96 99 93 12 11 32 26 67 11 27 99 96 46 6 77 
90 6 13 46 45 99 50 29 98 23 66 38 10 74 56 35 19 4 60 29 44 74 29 67 31 37 48 18 100 28 11 18 92 26 56 53 41 23 41 66 4 96 62 65 50 2 10 49 94 47 80 92 3 89 67 51 74 25 13 30 15 7 71 67 95 77 57 14 80 8 25 16 90 67 98 55 10 46 18 98 46 64 90 7 91 62 63 33 34 12 53 87 82 100 58 68 55 97 91 63 
62 27 64 24 15 33 22 33 66 81 2 72 1 31 9 27 2 99 36 95 55 63 18 42 60 81 37 71 58 46 11 98 58 99 93 38 60 81 16 20 27 67 29 60 34 3 6 73 71 20 86 61 68 68 53 68 62 43 28 21 46 85 5 53 32 93 86 20 80 96 97 18 72 62 70 72 25 34 13 13 8 4 4 34 41 50 36 37 15 83 23 10 70 84 86 77 71 63 81 29 
18 46 83 39 91 92 85 37 60 62 18 79 70 38 38 20 85 47 92 39 92 49 93 86 92 72 98 24 24 55 43 36 97 51 48 59 40 6 34 44 10 99 24 9 75 72 62 77 34 82 72 51 23 5 40 15 64 47 34 8 63 61 81 14 96 75 58 36 34 8 63 98 49 43 91 33 21 9 59 87 25 7 52 73 39 31 88 66 23 46 70 14 62 20 36 36 17 51 87 1 
45 94 57 61 18 53 88 55 10 50 66 73 37 40 72 7 82 66 57 4 35 70 79 99 54 53 58 10 4 5 13 63 78 78 21 24 96 44 24 97 40 40 14 29 13 61 84 59 24 68 96 55 42 11 50 51 70 3 74 6 25 48 37 41 2 90 93 65 94 10 77 23 59 18 91 63 16 68 2 45 9 68 60 41 20 86 69 59 62 46 31 61 82 61 72 54 89 61 95 92 
63 83 25 62 8 57 58 18 61 48 65 3 89 32 42 93 74 86 80 34 25 69 38 77 42 33 2 10 11 78 21 57 80 71 77 50 46 60 21 51 18 10 65 46 8 80 40 51 32 33 69 16 45 87 49 19 76 87 8 97 44 67 20 70 80 43 54 7 99 6 27 20 79 7 61 69 54 44 36 14 75 31 63 4 46 80 32 30 41 91 82 37 97 74 45 74 34 17 16 65 
25 53 29 12 15 47 41 22 8 73 19 15 43 67 62 15 49 86 91 54 96 65 67 14 27 37 38 28 48 2 42 27 95 25 71 6 8 89 76 54 10 3 1 32 14 80 57 50 81 9 70 16 94 63 22 28 91 94 99 39 21 66 18 38 59 58 4 75 88 75 77 93 7 54 78 3 74 40 49 56 58 1 21 41 29 73 13 46 35 41 14 71 57 30 5 44 92 7 41 57 
23 44 56 74 56 100 81 90 11 37 92 8 35 27 79 57 66 98 73 70 23 21 43 26 57 18 82 34 63 42 49 35 31 33 2 79 35 100 90 33 84 17 79 91 15 5 91 82 48 71 6 7 14 69 100 46 99 50 90 31 8 2 44 74 70 57 97 3 8 67 30 37 42 41 72 5 98 54 56 77 26 60 16 81 50 100 48 98 66 9 63 85 55 79 67 90 38 78 54 26 
83 85 64 90 37 22 77 13 87 91 22 62 35 10 95 5 6 3 30 40 7 33 6 69 95 42 93 94 63 21 50 13 29 74 1 5 71 73 31 62 87 85 46 46 28 66 28 82 81 1 11 38 9 99 42 35 52 29 5 37 69 77 16 66 98 87 13 61 83 54 96 6 82 82 40 26 100 70 99 45 94 56 93 52 48 74 78 9 29 67 7 41 36 36 24 35 47 57 86 31 
99 11 4 92 17 40 54 84 5 70 86 11 14 41 20 14 57 53 39 63 27 17 5 21 13 23 81 37 42 53 89 95 28 18 64 82 72 28 39 76 81 74 48 89 65 75 90 24 27 43 33 60 46 70 92 37 81 97 76 41 87 3 7 29 85 81 96 23 82 50 5 24 96 64 21 34 12 18 23 55 74 51 24 35 32 22 51 81 89 30 61 86 15 68 64 36 22 68 26 43 
49 88 18 48 68 37 41 4 80 2 30 58 81 12 23 77 82 1 34 34 78 42 99 60 100 22 52 81 93 67 89 70 37 7 8 42 33 23 67 98 14 78 96 43 36 37 97 92 17 61 48 51 50 54 48 87 70 17 44 5 48 19 65 63 36 87 49 92 14 76 81 15 71 37 74 97 2 87 33 100 13 74 83 53 35 93 50 79 8 91 88 45 58 88 21 58 67 51 6 63 
23 46 67 46 66 4 44 86 87 35 7 59 27 48 35 24 81 94 31 41 17 53 94 38 43 6 59 85 71 40 77 40 69 18 18 22 88 86 41 63 57 35 46 93 38 62 99 65 14 45 47 39 63 81 44 57 25 53 33 79 100 58 4 91 48 57 84 77 17 32 18 14 38 98 79 80 51 61 6 48 68 87 53 63 30 3 48 10 90 94 25 77 39 60 54 89 57 12 28 56 
75 17 8 71 2 90 26 91 93 75 40 76 25 64 94 18 5 10 69 19 49 88 12 69 97 14 93 95 18 24 28 37 20 78 52 58 59 90 21 73 91 60 68 46 53 42 76 44 52 29 66 64 17 89 60 18 27 10 58 24 87 21 71 30 35 35 22 43 11 31 43 49 89 1 17 19 43 6 86 77 98 8 48 81 13 52 9 22 57 73 74 98 44 80 42 39 1 9 79 41 
53 32 60 92 2 44 57 6 55 45 40 36 57 47 50 13 86 100 56 32 65 7 14 71 31 8 84 6 34 15 12 12 88 42 58 22 5 31 30 42 69 62 77 94 96 74 50 4 46 5 45 79 95 68 34 72 32 24 28 5 11 18 37 41 33 26 20 33 69 31 48 45 2 41 30 66 44 51 42 31 31 75 16 18 52 26 57 43 71 24 56 46 39 59 65 8 27 25 64 90 
72 59 59 87 76 13 8 15 89 39 12 99 6 81 28 9 88 69 89 89 61 14 90 16 5 67 76 3 82 25 89 90 3 81 10 80 91 71 64 74 12 93 4 27 50 97 4 8 59 35 79 15 87 42 81 79 23 65 29 48 92 19 67 11 84 16 35 85 34 81 7 89 90 9 2 4 68 4 68 23 39 88 56 66 12 85 90 5 34 27 32 17 9 73 98 81 72 55 74 95 
53 3 70 67 26 1 47 69 43 15 64 48 3 29 27 62 88 17 38 53 29 77 48 44 8 68 18 59 59 1 17 52 60 66 12 2 19 89 73 60 28 76 43 92 92 82 73 48 73 3 29 91 83 18 76 44 97 87 25 74 56 59 25 93 1 78 4 58 11 86 38 40 95 54 27 100 91 3 12 64 34 98 66 89 37 99 39 73 51 88 77 78 69 93 88 10 78 54 39 45 
80 56 20 25 36 93 25 85 66 18 11 7 46 58 59 88 32 8 82 73 33 92 71 14 85 89 95 4 2 51 99 5 49 25 3 84 37 73 52 17 18 19 44 33 76 49 92 3 18 1 60 33 32 43 94 10 21 36 44 55 80 13 35 16 2 14 91 74 2 78 51 17 21 50 63 93 53 12 39 66 42 94 97 42 100 52 45 39 27 95 56 87 19 72 6 86 23 77 39 35 
77 56 9 36 54 95 54 68 72 79 17 41 9 31 11 36 54 62 19 63 55 18 28 54 8 54 50 98 50 86 46 91 39 78 14 63 73 100 97 71 35 81 65 99 44 62 28 51 86 22 65 43 99 19 36 9 27 100 63 51 12 50 70 14 99 94 64 31 5 47 57 2 33 85 68 91 52 89 83 11 17 1 67 52 97 54 59 26 39 91 91 14 78 98 32 39 75 68 41 45 
17 22 42 30 51 80 23 83 13 91 58 97 75 89 93 16 21 94 17 17 78 52 91 56 89 7 93 36 94 34 46 98 74 6 50 8 44 77 80 17 42 48 74 42 13 15 13 60 93 85 51 13 58 41 59 62 32 58 52 26 87 13 90 81 73 38 47 9 8 4 11 48 2 91 46 83 31 85 48 72 67 53 71 76 75 44 61 86 90 90 13 88 69 37 39 54 93 55 4 92 
96 28 93 82 93 96 60 88 2 37 74 41 3 71 49 53 77 16 56 82 72 72 54 53 42 22 67 65 7 50 73 60 50 87 39 92 13 81 64 23 16 1 29 95 48 22 31 20 82 68 32 95 41 63 26 4 44 45 68 81 39 85 73 93 94 65 24 31 18 61 97 84 28 48 85 29 67 72 57 91 73 33 55 61 22 83 2 94 16 50 25 78 98 53 79 86 56 37 71 27 
37 30 45 56 62 60 17 21 15 27 26 42 45 96 71 13 23 3 40 5 77 9 58 58 27 40 81 78 36 80 4 72 63 20 93 72 74 91 77 85 47 92 71 16 72 15 26 97 92 83 72 16 92 67 6 18 24 8 3 71 88 6 95 49 9 5 66 35 76 58 7 72 60 76 16 38 37 21 45 9 57 57 74 34 44 16 72 56 21 27 53 94 55 2 40 41 90 64 17 4 
61 88 44 69 16 48 26 99 93 78 47 94 9 10 92 70 80 12 52 100 33 94 25 17 40 66 9 23 96 61 74 98 39 1 64 69 96 6 53 60 77 81 71 46 86 57 22 18 3 62 49 14 97 69 59 14 94 81 39 70 15 24 87 8 44 41 14 54 66 32 48 69 49 13 91 2 88 17 79 60 99 64 80 49 60 34 21 25 36 80 71 73 86 88 63 30 82 10 6 18 
46 61 21 1 88 79 2 76 55 87 19 65 74 12 7 35 90 52 60 4 59 41 2 87 72 96 71 91 17 45 79 94 85 92 77 76 90 95 41 80 43 63 95 81 5 71 95 11 61 47 80 19 92 20 100 51 1 51 27 40 96 54 41 19 8 74 83 53 69 29 52 96 77 71 55 84 46 32 66 65 15 97 15 60 20 62 92 75 92 53 78 50 82 65 81 64 58 32 92 93 
48 45 65 66 44 67 33 43 39 97 22 70 2 41 55 62 51 65 76 87 92 24 93 84 17 92 11 86 5 76 15 82 97 70 95 27 15 68 12 40 85 11 86 55 100 48 73 38 98 38 14 56 74 4 27 88 41 24 28 99 72 98 57 79 94 71 88 4 67 60 61 43 5 14 60 29 90 74 90 24 26 46 61 75 6 2 12 80 14 67 39 33 15 72 4 50 79 63 15 63 
1 99 60 54 1 40 9 60 65 20 92 53 79 24 9 62 67 86 17 39 86 49 80 83 15 71 87 72 72 53 1 19 86 66 85 92 86 53 96 6 30 77 24 76 3 20 62 89 58 4 99 57 99 83 13 64 34 58 93 48 69 61 84 97 95 97 25 1 32 56 62 92 6 40 24 94 30 36 20 39 99 71 32 64 43 66 52 11 3 1 95 10 14 27 95 33 95 29 11 50 
23 4 72 82 78 22 27 73 41 85 49 24 10 27 4 31 43 38 69 90 52 26 7 73 78 79 40 39 61 84 86 20 83 72 73 43 69 17 87 22 62 7 24 48 75 29 84 19 45 32 14 66 17 20 76 77 67 32 40 83 58 80 72 25 37 64 70 81 16 31 75 58 7 4 75 60 38 97 4 74 24 78 2 22 80 75 33 9 16 81 14 88 5 43 99 51 34 98 57 60 
77 72 4 54 71 75 58 47 64 99 17 23 36 90 4 46 8 57 85 44 94 9 73 50 47 24 59 41 47 62 12 72 47 54 42 40 53 51 79 4 32 89 82 11 66 13 6 81 16 26 18 92 16 34 13 70 72 59 11 83 11 17 55 60 68 14 77 53 64 4 24 23 62 72 95 95 77 68 97 54 77 9 36 56 29 33 19 81 23 58 79 74 4 92 71 89 94 49 39 98 
3 78 63 8 94 80 89 24 5 22 8 66 94 31 26 49 59 30 32 37 71 95 76 28 42 20 78 19 47 70 42 13 22 89 64 3 18 12 21 8 2 49 26 76 98 60 42 60 28 49 20 86 87 45 18 34 28 74 96 3 24 53 95 2 9 21 5 70 15 69 22 38 23 41 42 37 75 3 9 88 68 100 50 55 57 34 97 39 4 57 77 22 85 39 16 62 100 13 96 76 
53 64 15 56 55 92 20 54 54 96 48 72 51 38 43 89 57 70 24 26 6 60 99 4 89 52 43 38 85 53 81 19 93 14 48 68 9 59 65 25 81 56 12 20 2 97 93 4 94 52 62 42 21 30 55 30 1 74 90 68 70 80 74 87 59 40 77 57 86 69 85 66 91 7 29 35 41 42 93 93 68 3 66 54 63 18 82 83 24 73 30 88 52 2 68 79 47 7 69 80 
21 73 21 24 80 82 70 96 27 60 25 57 60 49 88 8 49 34 31 23 12 10 100 92 88 61 37 100 52 99 25 31 10 24 2 17 97 57 40 37 57 33 31 92 42 43 77 98 54 51 82 73 99 23 61 98 97 52 88 75 73 80 29 14 99 50 73 65 86 44 59 48 69 80 8 65 81 100 19 5 14 13 41 73 26 88 73 83 93 100 26 30 67 35 9 25 91 36 50 54 
67 23 37 37 66 13 52 71 49 55 62 44 95 33 57 21 14 21 70 75 50 21 2 88 4 82 26 29 68 59 49 5 12 55 82 12 38 44 21 99 91 92 4 78 61 35 5 52 78 91 61 6 46 27 85 6 91 20 26 67 57 44 26 51 6 27 68 89 69 31 68 74 26 62 83 9 26 100 76 1 72 38 26 71 36 15 27 79 99 45 22 98 53 23 47 89 91 84 78 70 
5 84 63 22 18 15 4 96 1 90 46 20 10 7 73 60 60 89 67 42 34 66 72 48 93 79 99 99 86 25 96 43 72 53 43 32 70 43 58 80 69 4 47 12 33 75 62 69 30 12 11 46 99 32 84 50 45 69 34 12 49 42 51 76 79 82 100 21 49 36 94 32 61 24 96 77 96 62 45 10 13 18 59 80 24 56 23 98 11 66 59 93 5 53 80 99 50 61 98 12 
91 53 17 52 3 2 41 94 8 2 30 45 71 82 5 7 43 89 63 49 13 65 76 45 92 53 45 31 82 66 3 76 38 18 45 72 13 37 59 94 1 90 49 99 43 42 70 91 71 14 53 31 28 65 42 82 16 50 77 71 49 28 50 92 44 35 92 93 39 11 8 76 54 80 41 59 67 39 29 37 26 99 11 16 43 55 68 75 51 87 38 18 100 73 85 84 23 89 63 90 
3 27 59 11 43 52 68 70 39 99 82 54 49 45 64 31 58 19 1 47 20 5 47 8 60 89 40 46 78 61 5 40 67 86 88 6 12 80 24 86 28 63 54 83 42 2 37 62 8 54 17 8 42 86 70 79 36 19 32 71 77 80 37 87 88 11 1 36 46 24 61 2 45 38 71 65 3 50 88 4 86 34 95 70 63 52 35 86 99 26 99 65 64 51 70 51 16 11 89 62 
15 91 7 66 8 92 11 58 23 96 79 59 86 42 41 66 95 47 81 29 99 49 24 81 82 70 50 35 44 96 2 61 89 49 98 19 49 49 16 83 45 52 69 42 80 88 79 21 10 35 74 81 18 3 12 71 28 62 5 21 33 88 42 5 60 38 73 83 15 82 23 29 1 28 88 43 25 62 38 10 58 48 51 89 17 60 23 52 53 23 26 53 86 47 19 72 4 37 32 70 
93 24 11 54 68 28 22 74 34 44 65 58 87 98 36 97 26 77 12 45 27 24 63 60 46 52 55 53 54 42 6 61 39 91 92 77 26 36 21 62 18 97 53 31 77 21 73 6 27 65 93 79 7 84 43 62 97 27 75 1 62 11 8 93 2 74 71 28 59 100 12 78 11 45 22 84 9 83 53 56 84 34 11 81 20 6 17 86 59 98 43 11 23 96 6 64 33 44 98 9 
19 13 51 83 78 84 58 49 82 57 34 55 70 89 67 19 4 70 76 46 23 29 81 30 4 37 12 75 11 39 34 10 78 34 1 81 93 46 12 73 54 78 77 96 36 32 59 94 66 79 11 71 58 40 89 12 15 10 3 93 84 1 59 16 8 14 65 93 18 66 97 60 31 56 61 34 10 52 9 4 20 6 22 59 30 74 20 74 76 31 67 69 5 20 39 9 90 5 23 39 
45 61 63 98 81 99 88 60 40 51 63 86 67 30 23 4 90 65 35 6 73 31 46 90 18 96 3 58 96 72 94 20 11 81 3 74 77 69 19 32 99 84 49 33 24 69 23 21 99 18 12 25 5 86 38 87 67 90 37 62 17 89 79 40 60 64 66 5 19 10 64 57 2 50 58 86 17 49 38 32 13 76 63 74 29 66 35 83 35 31 30 45 86 75 19 72 24 18 87 29 
38 48 26 94 30 64 34 29 79 25 39 38 78 2 49 66 52 86 23 67 82 30 47 30 53 17 53 9 47 71 53 100 36 6 17 66 26 93 30 80 81 10 76 17 23 30 9 62 64 47 48 32 10 10 40 47 65 91 6 35 65 63 74 34 44 67 62 1 83 48 39 17 51 43 17 82 9 38 19 7 8 81 26 11 95 87 40 1 56 4 63 12 75 76 13 21 53 95 21 25 
6 48 15 18 14 31 23 46 4 60 33 3 53 24 79 85 84 14 90 70 60 85 7 69 42 41 77 82 4 4 66 67 50 43 33 100 79 56 50 53 73 97 26 42 41 30 36 86 62 99 23 38 41 33 14 76 28 49 18 10 88 89 77 44 82 60 57 89 55 63 94 56 15 18 3 46 19 100 19 25 42 98 45 41 15 90 58 82 80 72 90 3 67 68 12 43 65 5 38 94 
51 98 72 49 44 33 84 91 38 15 77 23 7 41 49 15 14 37 25 47 49 5 100 69 40 23 20 27 47 25 48 62 22 95 87 41 67 53 53 9 49 60 7 43 17 17 17 74 7 10 8 19 35 98 47 4 39 29 49 20 79 12 18 90 94 12 58 58 73 28 65 43 96 42 38 12 53 78 50 32 24 7 80 76 52 24 8 92 46 88 65 87 98 31 88 19 73 94 77 78 
77 40 93 50 22 64 69 18 66 43 92 82 71 53 98 70 29 38 68 38 96 19 46 95 34 68 23 23 48 76 54 2 21 37 64 93 16 17 100 50 38 24 96 90 20 10 48 48 41 30 21 88 23 6 70 24 29 22 62 81 7 87 8 35 49 29 79 91 94 50 74 29 9 92 7 67 67 28 8 23 64 67 54 37 70 38 58 28 99 11 97 57 80 2 86 59 43 55 62 73 
24 76 33 16 47 52 56 80 10 32 81 13 30 83 2 23 38 61 3 16 60 33 30 80 17 49 19 65 63 74 36 81 20 76 78 61 52 82 56 36 19 41 52 10 22 41 11 19 83 22 91 27 98 39 77 100 1 24 44 45 23 30 76 74 6 70 65 49 19 24 31 65 21 99 5 23 98 78 29 46 30 2 10 63 23 81 4 72 98 16 55 61 33 34 76 92 56 87 2 86 
92 21 31 27 97 32 65 39 20 89 59 17 87 83 73 12 42 40 83 69 41 37 56 38 72 65 44 35 22 61 55 26 34 26 33 8 27 1 48 74 85 47 6 70 48 7 15 26 68 92 23 60 94 38 54 27 78 76 53 42 72 63 71 96 30 20 10 40 42 10 1 2 29 84 67 98 27 37 29 45 3 77 70 23 59 57 26 90 94 6 58 43 33 12 9 81 44 27 35 98 
10 70 93 13 47 53 68 36 36 72 23 46 7 22 22 62 24 24 26 75 71 20 29 47 95 4 32 4 37 39 69 85 36 32 19 41 34 61 34 10 16 85 74 49 67 37 6 47 29 24 27 28 78 13 81 12 38 99 80 9 10 45 58 63 88 93 61 57 67 70 75 40 23 90 16 53 20 42 37 55 30 43 29 100 22 18 45 15 4 72 69 1 12 5 92 86 45 79 50 19 
23 46 40 30 100 53 34 72 53 24 9 33 35 70 1 70 34 35 90 78 21 87 30 13 30 11 15 32 61 35 21 46 9 14 80 21 63 30 83 85 20 46 70 96 91 98 82 3 86 94 24 86 59 9 45 56 99 32 59 70 100 57 12 23 26 37 39 25 52 12 89 76 28 30 8 80 27 16 83 12 94 56 23 46 11 15 53 84 90 78 18 96 5 17 35 53 78 38 45 18 
18 25 62 95 80 100 8 58 28 34 92 41 49 40 46 53 75 60 98 98 13 42 75 53 40 20 34 36 7 50 99 60 25 64 38 56 56 80 45 48 25 44 43 46 96 56 18 72 73 69 94 6 20 27 94 74 44 84 70 71 100 4 61 1 93 80 86 4 7 95 54 79 82 82 95 69 52 91 91 50 4 53 84 77 3 25 25 87 69 37 49 41 13 91 71 89 77 90 51 18 
30 39 54 80 44 93 20 71 65 10 79 73 100 57 60 50 47 79 17 11 7 46 32 16 12 46 60 9 61 60 37 96 30 46 90 35 7 23 59 90 79 68 28 75 28 61 26 73 2 83 19 73 64 1 82 19 45 46 16 71 61 48 41 61 31 65 69 70 18 21 25 39 56 64 87 45 94 57 46 45 77 80 67 97 63 65 63 73 74 83 43 53 79 41 79 14 6 19 92 72 
67 69 45 31 47 6 62 34 4 98 34 38 100 20 99 55 66 77 77 72 64 4 16 19 15 73 80 24 98 68 9 79 100 30 69 15 77 30 51 96 78 46 25 91 34 88 73 63 6 26 42 9 16 59 41 19 98 87 37 71 30 21 92 74 24 25 54 70 44 29 98 76 94 92 6 13 78 75 58 56 48 100 51 97 42 16 6 13 92 67 39 7 27 35 41 52 90 19 66 53 
95 93 90 71 99 36 36 72 49 86 83 4 36 39 65 2 36 40 44 28 39 82 59 19 32 82 84 63 61 98 58 31 12 29 68 99 28 41 48 90 56 20 95 54 56 72 98 17 70 7 70 73 47 53 2 14 74 43 45 47 79 46 45 73 59 9 72 64 57 78 69 20 85 74 24 54 36 58 41 86 46 6 20 74 48 81 43 57 40 13 83 96 81 75 13 14 20 73 62 44 
39 20 18 57 45 96 56 96 37 87 44 3 78 62 28 84 28 50 62 65 96 14 38 37 99 19 73 47 36 4 67 65 47 86 79 83 68 97 83 57 38 86 4 14 70 70 77 48 66 4 93 83 90 22 82 84 23 49 78 38 44 4 78 9 64 69 5 27 41 67 80 16 81 93 26 13 37 72 74 79 43 70 84 9 28 56 77 5 45 70 42 15 20 43 10 89 57 60 82 92 
88 2 83 60 42 11 35 53 40 68 68 40 69 73 54 30 44 64 47 84 55 94 16 15 73 42 70 15 93 40 36 24 75 81 51 52 67 55 81 35 19 85 23 94 50 42 19 24 21 89 87 85 37 46 36 67 57 44 26 38 9 2 69 56 1 79 49 5 36 85 19 63 67 93 98 52 13 49 12 3 36 37 4 98 52 84 15 34 40 98 64 25 29 96 33 27 66 53 30 98 
57 51 3 55 15 86 86 7 85 21 54 8 43 26 60 11 62 67 46 64 93 31 81 26 21 92 36 64 99 32 6 98 76 66 61 97 50 14 78 45 35 90 22 17 91 6 9 20 46 66 17 26 57 83 98 83 57 12 36 90 31 59 23 17 48 31 19 72 99 55 47 12 66 96 93 15 74 25 25 44 48 21 61 99 100 95 8 59 63 93 77 73 48 78 55 64 75 18 40 62 
